1 9 0
1 9 1
1 9 2
1 9 3
1 9 4
1 8 4
1 7 4
1 7 5
1 7 6
1 7 7
1 7 8
1 8 8
1 9 8
1 9 9
1 10 9
1 10 10
1 10 9
1 11 9
1 11 10
1 12 10
1 12 9
1 12 10
1 11 10
1 11 9
1 12 9
1 12 10
1 11 10
1 11 11
1 12 11
1 12 10
1 12 11
1 12 10
1 13 10
1 13 11
1 13 10
1 14 10
1 14 11
1 13 11
1 12 11
1 11 11
1 10 11
1 9 11
1 8 11
1 8 10
1 8 9
1 8 8
1 8 7
1 8 8
1 8 9
1 8 10
1 9 10
1 10 10
1 11 10
1 12 10
1 12 11
1 12 10
1 12 11
1 13 11
1 13 12
1 13 11
1 12 11
1 12 12
1 12 11
1 12 12
1 11 12
1 11 11
1 12 11
1 12 12
1 12 11
1 11 11
1 10 11
1 10 10
1 9 10
1 9 9
1 8 9
1 8 10
1 7 10
1 7 9
1 7 10
1 8 10
1 8 9
1 8 10
1 8 9
1 9 9
1 9 10
1 8 10
1 8 11
1 8 12
1 8 13
1 8 14
1 7 14
1 7 14
1 7 14
1 7 14
1 7 14
1 7 15
1 7 16
1 6 16
1 5 16
1 4 16
1 3 16
1 3 16
1 3 16
1 3 15
1 3 14
1 3 13
1 3 12
1 3 11
1 3 10
1 3 9
1 3 8
1 3 7
1 3 6
1 3 5
1 4 5
1 5 5
1 6 5
1 7 5
1 8 5
1 9 5
1 10 5
1 11 5
1 12 5
1 13 5
1 12 5
1 11 5
1 10 5
1 10 4
1 11 4
1 11 4
1 11 4
1 11 4
1 11 4
1 11 4
1 11 4
1 11 5
1 11 6
1 11 7
1 11 8
1 11 9
1 11 10
1 11 11
1 11 12
1 11 13
1 11 14
1 10 14
1 9 14
1 8 14
1 7 14
1 7 14
1 7 14
1 7 14
1 7 14
1 7 14
1 7 14
1 7 14
1 7 14
1 7 14
1 7 15
1 7 16
1 7 17
1 7 17
1 7 17
1 7 17
1 7 17
1 6 17
1 5 17
1 4 17
1 4 17
1 4 17
1 4 17
1 4 17
1 4 17
1 4 16
1 4 15
1 3 15
1 3 16
1 3 16
1 3 16
1 3 16
1 3 16
1 3 16
1 3 16
1 3 16
1 3 16
1 3 16
1 3 15
1 3 14
1 3 13
1 3 12
1 3 11
1 3 10
1 3 9
1 3 8
1 3 7
1 3 6
1 3 5
1 3 4
1 3 3
1 3 2
1 3 1
1 3 1
1 3 1
1 3 1
1 3 1
1 3 1
1 3 1
1 3 1
1 3 1
1 3 1
1 3 1
1 2 1
1 1 1
1 1 2
1 1 3
1 1 4
1 1 5
1 1 6
1 1 7
1 1 8
1 1 9
1 1 8
1 1 7
1 1 6
1 1 5
1 1 4
1 1 3
1 1 2
1 1 1
1 1 1
1 1 1
1 1 1
1 1 1
1 1 1
1 1 1
1 1 1
1 1 1
1 1 1
1 1 1
1 1 1
1 1 1
1 1 1
1 1 1
1 1 1
1 1 1
1 1 2
1 1 1
1 1 1
1 1 2
1 1 3
1 1 4
1 1 5
1 2 5
1 3 5
1 4 5
1 5 5
1 6 5
1 7 5
1 8 5
1 9 5
1 10 5
1 11 5
1 12 5
1 13 5
1 14 5
1 15 5
1 16 5
1 17 5
1 17 5
1 17 5
1 17 5
1 17 5
1 16 5
1 15 5
1 14 5
1 13 5
1 12 5
1 11 5
1 10 5
1 9 5
1 8 5
1 7 5
1 6 5
1 5 5
1 4 5
1 3 5
1 2 5
1 1 5
1 1 5
1 1 5
1 1 5
1 1 5
1 1 5
1 1 5
1 1 5
1 1 5
1 1 5
1 1 5
1 1 5
1 1 5
1 1 5
1 1 5
1 1 5
1 1 5
1 1 5
1 1 5
1 1 5
1 1 5
1 1 5
1 1 5
1 1 5
1 1 5
1 1 5
1 1 5
1 1 5
1 1 5
1 1 6
1 1 7
1 1 8
1 1 9
1 1 10
1 1 11
1 1 12
1 1 13
1 1 14
1 1 15
1 1 16
1 1 17
1 1 17
1 1 17
1 1 17
1 1 17
1 1 17
1 1 17
1 1 17
1 1 17
1 1 17
1 1 17
1 1 17
1 1 17
1 1 17
1 1 17
1 1 17
1 1 17
1 1 17
1 1 17
1 1 17
1 2 17
1 2 17
1 2 17
1 2 17
1 2 17
1 2 17
1 2 17
1 2 17
1 2 17
1 2 17
1 2 17
1 2 17
1 2 17
1 2 17
1 2 17
1 2 16
1 2 15
1 2 14
1 2 13
1 2 12
1 2 11
1 3 11
1 3 12
1 4 12
1 5 12
1 6 12
1 7 12
1 8 12
1 9 12
1 10 12
1 11 12
1 12 12
1